8 15 8 15 12
10 28 10 28 30
9 24 9 24 16
10 35 10 35 60
9 33 9 33 30
10 45 10 45 36
20 100 20 100 124
20 120 20 120 132
20 140 20 140 221
20 160 20 160 220
20 175 20 175 170
20 190 20 190 256
30 200 30 200 382
30 250 30 250 289
30 300 30 300 390
30 350 30 350 414
30 400 30 400 332
30 435 30 435 359
40 300 40 300 558
40 400 40 400 448
40 500 40 500 620
40 600 40 600 554
40 700 40 700 667
40 780 40 780 600
50 500 50 500 816
50 650 50 650 844
50 750 50 750 960
50 950 50 950 994
50 1100 50 1100 953
50 1225 50 1225 982
60 600 60 600 1008
60 750 60 750 927
60 850 60 850 1131
60 1200 60 1200 1286
60 1500 60 1500 1230
60 1770 60 1770 1374
70 700 70 700 1171
70 1000 70 1000 1276
70 1500 70 1500 1494
70 2000 70 2000 1460
70 2200 70 2200 1428
70 2415 70 2415 1470
