8 14 8 14 24
9 25 9 25 22
10 30 10 30 36
10 35 10 35 24
10 40 10 40 38
10 45 10 45 56
20 100 20 100 122
20 120 20 120 152
20 140 20 140 195
20 160 20 160 168
20 175 20 175 223
20 190 20 190 220
30 200 30 200 362
30 250 30 250 315
30 300 30 300 320
30 350 30 350 446
30 400 30 400 436
30 435 30 435 456
40 300 40 300 483
40 400 40 400 508
40 500 40 500 536
40 600 40 600 598
40 700 40 700 656
40 780 40 780 766
50 500 50 500 1006
50 650 50 650 967
50 750 50 750 987
50 950 50 950 890
50 1100 50 1100 986
50 1225 50 1225 1007
60 600 60 600 978
60 750 60 750 1036
60 850 60 850 1086
60 1200 60 1200 1224
60 1500 60 1500 1213
60 1770 60 1770 1119
70 700 70 700 1096
70 1000 70 1000 1232
70 1500 70 1500 1348
70 2000 70 2000 1514
70 2200 70 2200 1534
70 2415 70 2415 1446
