10 20 10 20 30 66 60
9 22 9 22 32 69 63
10 30 10 30 22 99 62
10 35 10 35 55 116 100
10 40 10 40 46 132 96
10 45 10 45 48 149 103
8 10 8 10 10 30 28
20 70 20 70 130 302 220
20 100 20 100 164 432 284
20 130 20 130 204 561 354
20 160 20 160 176 691 356
20 190 20 190 217 821 427
26 59 26 59 136 277 221
30 144 30 144 241 706 415
30 216 30 216 302 1059 548
30 288 30 288 380 1413 698
30 360 30 360 370 1766 760
30 432 30 432 436 2119 898
39 128 39 128 244 676 411
40 260 40 260 509 1383 809
40 390 40 390 554 2075 984
40 520 40 520 550 2767 1110
40 650 40 650 652 3459 1342
40 780 40 780 671 4151 1491
49 195 49 195 366 1094 610
50 408 50 408 702 2302 1160
50 612 50 612 904 3454 1566
50 816 50 816 878 4605 1744
50 1020 50 1020 941 5756 2011
50 1225 50 1225 941 6913 2216
60 295 60 295 662 1742 1017
60 590 60 590 913 3485 1563
60 885 60 885 1050 5227 1995
60 1180 60 1180 1140 6970 2380
60 1475 60 1475 1216 8712 2751
60 1770 60 1770 1310 10455 3140
70 404 70 404 856 2476 1330
70 806 70 806 1294 4940 2170
70 1209 70 1209 1433 7410 2712
70 1612 70 1612 1543 9880 3225
70 2016 70 2016 1402 12356 3488
70 2415 70 2415 1554 14802 4039
