6 8 6 8 6 20 20
10 25 10 25 30 83 65
10 30 10 30 28 99 68
10 35 10 35 47 116 92
10 40 10 40 50 132 100
10 45 10 45 56 149 111
17 27 17 27 40 110 84
20 70 20 70 124 302 214
20 100 20 100 130 432 250
20 130 20 130 142 561 292
20 160 20 160 195 691 375
20 190 20 190 214 821 424
26 56 26 56 90 263 172
30 144 30 144 243 706 417
30 216 30 216 354 1059 600
30 288 30 288 390 1413 708
30 360 30 360 382 1766 772
30 432 30 432 400 2119 862
37 121 37 121 254 630 412
40 260 40 260 388 1383 688
40 390 40 390 539 2075 969
40 520 40 520 606 2767 1166
40 650 40 650 742 3459 1432
40 780 40 780 709 4151 1529
50 204 50 204 447 1151 701
50 408 50 408 698 2302 1156
50 612 50 612 708 3454 1370
50 816 50 816 866 4605 1732
50 1020 50 1020 900 5756 1970
50 1225 50 1225 988 6913 2263
60 295 60 295 642 1742 997
60 590 60 590 907 3485 1557
60 885 60 885 1034 5227 1979
60 1180 60 1180 1211 6970 2451
60 1475 60 1475 1214 8712 2749
60 1770 60 1770 1280 10455 3110
70 404 70 404 878 2476 1352
70 806 70 806 1239 4940 2115
70 1209 70 1209 1351 7410 2630
70 1612 70 1612 1474 9880 3156
70 2016 70 2016 1606 12356 3692
70 2415 70 2415 1602 14802 4087
