9 18 9 18 20 57 47
6 12 6 12 8 31 26
10 30 10 30 32 99 72
10 35 10 35 44 116 89
10 40 10 40 36 132 86
10 45 10 45 41 149 96
13 19 13 19 34 70 66
20 70 20 70 100 302 190
20 100 20 100 162 432 282
20 130 20 130 123 561 273
20 160 20 160 174 691 354
20 190 20 190 174 821 384
27 62 27 62 98 294 187
30 144 30 144 342 706 516
30 216 30 216 331 1059 577
30 288 30 288 348 1413 666
30 360 30 360 422 1766 812
30 432 30 432 370 2119 832
37 116 37 116 274 604 427
40 260 40 260 420 1383 720
40 390 40 390 614 2075 1044
40 520 40 520 609 2767 1169
40 650 40 650 586 3459 1276
40 780 40 780 660 4151 1480
50 204 50 204 456 1151 710
50 408 50 408 674 2302 1132
50 612 50 612 862 3454 1524
50 816 50 816 845 4605 1711
50 1020 50 1020 822 5756 1892
50 1225 50 1225 1027 6913 2302
60 295 60 295 652 1742 1007
60 590 60 590 1072 3485 1722
60 885 60 885 1270 5227 2215
60 1180 60 1180 1182 6970 2422
60 1475 60 1475 1089 8712 2624
60 1770 60 1770 1198 10455 3028
70 404 70 404 930 2476 1404
70 806 70 806 1112 4940 1988
70 1209 70 1209 1514 7410 2793
70 1612 70 1612 1370 9880 3052
70 2016 70 2016 1730 12356 3816
70 2415 70 2415 1662 14802 4147
10 20 10 20 24 66 54
10 25 10 25 16 83 51
10 30 10 30 12 99 52
10 35 10 35 50 116 95
10 40 10 40 39 132 89
10 45 10 45 58 149 113
14 19 14 19 34 72 67
20 70 20 70 116 302 206
20 100 20 100 180 432 300
20 130 20 130 180 561 330
20 160 20 160 214 691 394
20 190 20 190 223 821 433
29 71 29 71 160 344 260
30 144 30 144 270 706 444
30 216 30 216 312 1059 558
30 288 30 288 412 1413 730
30 360 30 360 410 1766 800
30 432 30 432 414 2119 876
38 122 38 122 242 640 402
40 260 40 260 422 1383 722
40 390 40 390 503 2075 933
40 520 40 520 586 2767 1146
40 650 40 650 620 3459 1310
40 780 40 780 737 4151 1557
50 204 50 204 400 1151 654
50 408 50 408 654 2302 1112
50 612 50 612 734 3454 1396
50 816 50 816 908 4605 1774
50 1020 50 1020 812 5756 1882
50 1225 50 1225 946 6913 2221
59 290 59 290 734 1705 1083
60 590 60 590 912 3485 1562
60 885 60 885 1144 5227 2089
60 1180 60 1180 1158 6970 2398
60 1475 60 1475 1275 8712 2810
60 1770 60 1770 1186 10455 3016
69 399 69 399 884 2437 1352
70 806 70 806 1308 4940 2184
70 1209 70 1209 1408 7410 2687
70 1612 70 1612 1512 9880 3194
70 2016 70 2016 1758 12356 3844
70 2415 70 2415 1522 14802 4007
10 20 10 20 16 66 46
10 25 10 25 6 83 41
9 25 9 25 36 79 70
10 35 10 35 37 116 82
10 40 10 40 37 132 87
10 45 10 45 28 149 83
17 25 17 25 56 102 98
20 70 20 70 132 302 222
20 100 20 100 152 432 272
20 130 20 130 185 561 335
20 160 20 160 186 691 366
20 190 20 190 140 821 350
24 58 24 58 140 265 222
30 144 30 144 268 706 442
30 216 30 216 394 1059 640
30 288 30 288 469 1413 787
30 360 30 360 408 1766 798
30 432 30 432 392 2119 854
38 122 38 122 256 640 416
40 260 40 260 532 1383 832
40 390 40 390 550 2075 980
40 520 40 520 546 2767 1106
40 650 40 650 742 3459 1432
40 780 40 780 576 4151 1396
50 204 50 204 442 1151 696
50 408 50 408 762 2302 1220
50 612 50 612 792 3454 1454
50 816 50 816 887 4605 1753
50 1020 50 1020 941 5756 2011
50 1225 50 1225 907 6913 2182
60 295 60 295 600 1742 955
60 590 60 590 1014 3485 1664
60 885 60 885 1055 5227 2000
60 1180 60 1180 1119 6970 2359
60 1475 60 1475 1210 8712 2745
60 1770 60 1770 1194 10455 3024
70 404 70 404 950 2476 1424
70 806 70 806 1166 4940 2042
70 1209 70 1209 1328 7410 2607
70 1612 70 1612 1342 9880 3024
70 2016 70 2016 1397 12356 3483
70 2415 70 2415 1634 14802 4119
10 20 10 20 20 66 50
9 22 9 22 16 69 47
10 30 10 30 36 99 76
10 35 10 35 18 116 63
10 40 10 40 37 132 87
10 45 10 45 37 149 92
6 5 6 5 6 12 17
19 69 19 69 98 293 186
20 100 20 100 140 432 260
20 130 20 130 155 561 305
20 160 20 160 183 691 363
20 190 20 190 199 821 409
27 64 27 64 118 304 209
30 144 30 144 204 706 378
30 216 30 216 337 1059 583
30 288 30 288 386 1413 704
30 360 30 360 431 1766 821
30 432 30 432 366 2119 828
40 130 40 130 296 691 466
40 260 40 260 386 1383 686
40 390 40 390 525 2075 955
40 520 40 520 650 2767 1210
40 650 40 650 565 3459 1255
40 780 40 780 693 4151 1513
49 200 49 200 534 1122 783
50 408 50 408 684 2302 1142
50 612 50 612 896 3454 1558
50 816 50 816 735 4605 1601
50 1020 50 1020 928 5756 1998
50 1225 50 1225 961 6913 2236
58 284 58 284 594 1663 936
60 590 60 590 862 3485 1512
60 885 60 885 1260 5227 2205
60 1180 60 1180 1253 6970 2493
60 1475 60 1475 1242 8712 2777
60 1770 60 1770 1320 10455 3150
70 404 70 404 861 2476 1335
70 806 70 806 1278 4940 2154
70 1209 70 1209 1383 7410 2662
70 1612 70 1612 1281 9880 2963
70 2016 70 2016 1586 12356 3672
70 2415 70 2415 1498 14802 3983
3 2 3 2 0 3 5
10 25 10 25 20 83 55
10 30 10 30 30 99 70
10 35 10 35 34 116 79
10 40 10 40 42 132 92
10 45 10 45 54 149 109
4 3 4 3 0 6 7
20 70 20 70 94 302 184
20 100 20 100 202 432 322
20 130 20 130 164 561 314
20 160 20 160 162 691 342
20 190 20 190 226 821 436
28 68 28 68 136 326 232
30 144 30 144 230 706 404
30 216 30 216 334 1059 580
30 288 30 288 372 1413 690
30 360 30 360 450 1766 840
30 432 30 432 410 2119 872
39 128 39 128 292 676 459
40 260 40 260 474 1383 774
40 390 40 390 583 2075 1013
40 520 40 520 592 2767 1152
40 650 40 650 696 3459 1386
40 780 40 780 736 4151 1556
49 204 49 204 486 1145 739
50 408 50 408 576 2302 1034
50 612 50 612 708 3454 1370
50 816 50 816 896 4605 1762
50 1020 50 1020 955 5756 2025
50 1225 50 1225 1013 6913 2288
60 295 60 295 596 1742 951
60 590 60 590 827 3485 1477
60 885 60 885 1044 5227 1989
60 1180 60 1180 1071 6970 2311
60 1475 60 1475 1302 8712 2837
60 1770 60 1770 1136 10455 2966
70 404 70 404 925 2476 1399
70 806 70 806 1292 4940 2168
70 1209 70 1209 1436 7410 2715
70 1612 70 1612 1468 9880 3150
70 2016 70 2016 1378 12356 3464
70 2415 70 2415 1650 14802 4135
10 20 10 20 28 66 58
10 25 10 25 32 83 67
10 30 10 30 24 99 64
10 35 10 35 40 116 85
10 40 10 40 48 132 98
10 45 10 45 44 149 99
16 24 16 24 56 96 96
19 62 19 62 106 263 187
20 100 20 100 122 432 242
20 130 20 130 128 561 278
20 160 20 160 188 691 368
20 190 20 190 160 821 370
22 46 22 46 58 205 126
30 144 30 144 248 706 422
30 216 30 216 362 1059 608
30 288 30 288 344 1413 662
30 360 30 360 407 1766 797
30 432 30 432 476 2119 938
39 122 39 122 290 644 451
40 260 40 260 414 1383 714
40 390 40 390 596 2075 1026
40 520 40 520 634 2767 1194
40 650 40 650 576 3459 1266
40 780 40 780 580 4151 1400
49 197 49 197 520 1106 766
50 408 50 408 734 2302 1192
50 612 50 612 710 3454 1372
50 816 50 816 906 4605 1772
50 1020 50 1020 930 5756 2000
50 1225 50 1225 997 6913 2272
60 295 60 295 666 1742 1021
60 590 60 590 930 3485 1580
60 885 60 885 1076 5227 2021
60 1180 60 1180 1281 6970 2521
60 1475 60 1475 1149 8712 2684
60 1770 60 1770 1213 10455 3043
70 404 70 404 904 2476 1378
70 806 70 806 1262 4940 2138
70 1209 70 1209 1472 7410 2751
70 1612 70 1612 1478 9880 3160
70 2016 70 2016 1562 12356 3648
70 2415 70 2415 1720 14802 4205
