10 20 10 20 34 66 64
10 25 10 25 20 83 55
10 30 10 30 24 99 64
10 35 10 35 32 116 77
10 40 10 40 40 132 90
9 36 9 36 28 114 73
13 18 13 18 14 66 45
20 70 20 70 108 302 198
20 100 20 100 144 432 264
20 130 20 130 183 561 333
20 160 20 160 194 691 374
20 190 20 190 243 821 453
27 64 27 64 144 304 235
30 144 30 144 301 706 475
30 216 30 216 252 1059 498
30 288 30 288 336 1413 654
30 360 30 360 338 1766 728
30 432 30 432 448 2119 910
39 123 39 123 254 650 416
40 260 40 260 458 1383 758
40 390 40 390 572 2075 1002
40 520 40 520 504 2767 1064
40 650 40 650 776 3459 1466
40 780 40 780 576 4151 1396
50 204 50 204 412 1151 666
50 408 50 408 639 2302 1097
50 612 50 612 936 3454 1598
50 816 50 816 766 4605 1632
50 1020 50 1020 964 5756 2034
50 1225 50 1225 913 6913 2188
60 295 60 295 674 1742 1029
60 590 60 590 958 3485 1608
60 885 60 885 1185 5227 2130
60 1180 60 1180 1127 6970 2367
60 1475 60 1475 1215 8712 2750
60 1770 60 1770 1424 10455 3254
69 401 69 401 880 2449 1350
70 806 70 806 1172 4940 2048
70 1209 70 1209 1366 7410 2645
70 1612 70 1612 1382 9880 3064
70 2016 70 2016 1586 12356 3672
70 2415 70 2415 1706 14802 4191
