9 15 9 15 16 47 40
10 25 10 25 36 83 71
9 26 9 26 28 82 63
10 35 10 35 38 116 83
10 40 10 40 42 132 92
10 45 10 45 52 149 107
20 100 20 100 126 432 246
20 120 20 120 108 518 248
20 140 20 140 144 605 304
20 160 20 160 257 691 437
20 175 20 175 182 756 377
20 190 20 190 183 821 393
30 200 30 200 294 981 524
30 250 30 250 331 1226 611
30 300 30 300 347 1472 677
30 350 30 350 344 1717 724
30 400 30 400 354 1962 784
30 435 30 435 458 2134 923
40 435 40 435 519 2315 994
40 450 40 450 511 2394 1001
40 500 40 500 596 2660 1136
40 600 40 600 639 3193 1279
40 700 40 700 584 3725 1324
40 780 40 780 676 4151 1496
50 780 50 780 867 4402 1697
50 800 50 800 854 4515 1704
50 850 50 850 969 4797 1869
50 950 50 950 995 5361 1995
50 1100 50 1100 895 6208 2045
50 1225 50 1225 940 6913 2215
60 1225 60 1225 1332 7235 2617
60 1325 60 1325 1202 7826 2587
60 1425 60 1425 1120 8417 2605
60 1525 60 1525 1297 9008 2882
60 1625 60 1625 1162 9598 2847
60 1770 60 1770 1322 10455 3152
70 1770 70 1770 1670 10848 3510
70 1870 70 1870 1464 11461 3404
70 1970 70 1970 1566 12074 3606
70 2000 70 2000 1438 12258 3508
70 2200 70 2200 1620 13484 3890
70 2415 70 2415 1596 14802 4081
