7 13 7 13 22 36 42
9 23 9 23 22 72 54
10 30 10 30 26 99 66
10 35 10 35 48 116 93
10 40 10 40 30 132 80
10 45 10 45 36 149 91
19 93 19 93 174 395 286
20 120 20 120 162 518 302
20 140 20 140 164 605 324
20 160 20 160 188 691 368
20 175 20 175 232 756 427
20 190 20 190 160 821 370
30 200 30 200 280 981 510
30 250 30 250 376 1226 656
30 300 30 300 386 1472 716
30 350 30 350 382 1717 762
30 400 30 400 414 1962 844
30 435 30 435 444 2134 909
40 435 40 435 548 2315 1023
40 450 40 450 562 2394 1052
40 500 40 500 548 2660 1088
40 600 40 600 538 3193 1178
40 700 40 700 621 3725 1361
40 780 40 780 662 4151 1482
50 780 50 780 956 4402 1786
50 800 50 800 898 4515 1748
50 850 50 850 996 4797 1896
50 950 50 950 921 5361 1921
50 1100 50 1100 1012 6208 2162
50 1225 50 1225 976 6913 2251
60 1225 60 1225 1079 7235 2364
60 1325 60 1325 1086 7826 2471
60 1425 60 1425 1469 8417 2954
60 1525 60 1525 1196 9008 2781
60 1625 60 1625 1268 9598 2953
60 1770 60 1770 1210 10455 3040
70 1770 70 1770 1405 10848 3245
70 1870 70 1870 1448 11461 3388
70 1970 70 1970 1490 12074 3530
70 2000 70 2000 1566 12258 3636
70 2200 70 2200 1462 13484 3732
70 2415 70 2415 1574 14802 4059
