6 10 6 10 8 25 24
10 25 10 25 24 83 59
10 30 10 30 30 99 70
10 35 10 35 39 116 84
10 40 10 40 36 132 86
10 45 10 45 52 149 107
17 28 17 28 34 114 79
18 36 18 36 44 150 98
17 40 17 40 34 163 91
20 100 20 100 148 432 268
20 175 20 175 206 756 401
20 190 20 190 220 821 430
29 95 29 95 196 461 320
30 150 30 150 239 736 419
30 190 30 190 344 932 564
30 350 30 350 386 1717 766
30 400 30 400 408 1962 838
30 435 30 435 432 2134 897
40 300 40 300 518 1596 858
40 350 40 350 534 1862 924
40 435 40 435 644 2315 1119
40 600 40 600 598 3193 1238
40 700 40 700 604 3725 1344
40 780 40 780 744 4151 1564
50 600 50 600 734 3386 1384
50 700 50 700 852 3950 1602
50 780 50 780 950 4402 1780
50 950 50 950 944 5361 1944
50 1100 50 1100 960 6208 2110
50 1225 50 1225 944 6913 2219
60 950 60 950 1055 5611 2065
60 1000 60 1000 1161 5906 2221
60 1225 60 1225 1196 7235 2481
60 1525 60 1525 1320 9008 2905
60 1625 60 1625 1242 9598 2927
60 1770 60 1770 1260 10455 3090
70 1200 70 1200 1326 7355 2596
70 1570 70 1570 1394 9622 3034
70 1770 70 1770 1480 10848 3320
70 2000 70 2000 1462 12258 3532
70 2200 70 2200 1458 13484 3728
70 2415 70 2415 1604 14802 4089
