9 18 9 18 24 57 51
10 25 10 25 28 83 63
10 30 10 30 32 99 72
10 35 10 35 34 116 79
10 40 10 40 32 132 82
10 45 10 45 41 149 96
20 100 20 100 130 432 250
20 120 20 120 118 518 258
20 140 20 140 156 605 316
20 160 20 160 190 691 370
20 175 20 175 234 756 429
20 190 20 190 176 821 386
30 200 30 200 318 981 548
30 250 30 250 278 1226 558
30 300 30 300 287 1472 617
30 350 30 350 406 1717 786
30 400 30 400 354 1962 784
30 435 30 435 356 2134 821
40 435 40 435 592 2315 1067
40 450 40 450 582 2394 1072
40 500 40 500 588 2660 1128
40 600 40 600 686 3193 1326
40 700 40 700 564 3725 1304
40 780 40 780 605 4151 1425
50 780 50 780 732 4402 1562
50 800 50 800 892 4515 1742
50 850 50 850 964 4797 1864
50 950 50 950 1005 5361 2005
50 1100 50 1100 932 6208 2082
50 1225 50 1225 1099 6913 2374
60 1225 60 1225 1165 7235 2450
60 1325 60 1325 1084 7826 2469
60 1425 60 1425 1222 8417 2707
60 1525 60 1525 1261 9008 2846
60 1625 60 1625 1254 9598 2939
60 1770 60 1770 1284 10455 3114
70 1770 70 1770 1526 10848 3366
70 1870 70 1870 1662 11461 3602
70 1970 70 1970 1518 12074 3558
70 2000 70 2000 1498 12258 3568
70 2200 70 2200 1383 13484 3653
70 2415 70 2415 1472 14802 3957
