8 17 8 17 10 51 35
10 25 10 25 35 83 70
10 30 10 30 35 99 75
10 35 10 35 26 116 71
10 40 10 40 30 132 80
10 45 10 45 49 149 104
16 32 16 32 60 128 108
20 80 20 80 118 345 218
20 140 20 140 168 605 328
20 160 20 160 194 691 374
20 175 20 175 186 756 381
20 190 20 190 238 821 448
29 98 29 98 178 476 305
30 150 30 150 287 736 467
30 300 30 300 423 1472 753
30 350 30 350 406 1717 786
30 400 30 400 440 1962 870
30 435 30 435 484 2134 949
40 300 40 300 566 1596 906
40 400 40 400 531 2128 971
40 500 40 500 552 2660 1092
40 600 40 600 598 3193 1238
40 700 40 700 568 3725 1308
40 780 40 780 571 4151 1391
50 600 50 600 720 3386 1370
50 700 50 700 854 3950 1604
50 850 50 850 1030 4797 1930
50 950 50 950 834 5361 1834
50 1100 50 1100 835 6208 1985
50 1225 50 1225 938 6913 2213
60 1000 60 1000 1098 5906 2158
60 1125 60 1125 1077 6645 2262
60 1425 60 1425 1161 8417 2646
60 1525 60 1525 1057 9008 2642
60 1625 60 1625 1201 9598 2886
60 1770 60 1770 1186 10455 3016
70 1500 70 1500 1462 9193 3032
70 1770 70 1770 1383 10848 3223
70 1970 70 1970 1598 12074 3638
70 2000 70 2000 1514 12258 3584
70 2200 70 2200 1644 13484 3914
70 2415 70 2415 1570 14802 4055
