9 17 9 17 6 53 32
10 25 10 25 30 83 65
10 30 10 30 26 99 66
10 35 10 35 23 116 68
10 40 10 40 64 132 114
10 45 10 45 47 149 102
14 26 14 26 30 98 70
20 80 20 80 118 345 218
20 140 20 140 160 605 320
20 160 20 160 181 691 361
20 175 20 175 150 756 345
20 190 20 190 185 821 395
30 100 30 100 236 490 366
30 150 30 150 224 736 404
30 300 30 300 362 1472 692
30 350 30 350 430 1717 810
30 400 30 400 412 1962 842
30 435 30 435 482 2134 947
40 300 40 300 480 1596 820
40 400 40 400 536 2128 976
40 500 40 500 585 2660 1125
40 600 40 600 651 3193 1291
40 700 40 700 704 3725 1444
40 780 40 780 724 4151 1544
50 600 50 600 746 3386 1396
50 700 50 700 1010 3950 1760
50 850 50 850 870 4797 1770
50 950 50 950 898 5361 1898
50 1100 50 1100 865 6208 2015
50 1225 50 1225 983 6913 2258
60 1000 60 1000 1137 5906 2197
60 1125 60 1125 1251 6645 2436
60 1425 60 1425 1226 8417 2711
60 1525 60 1525 1256 9008 2841
60 1625 60 1625 1269 9598 2954
60 1770 60 1770 1257 10455 3087
70 1500 70 1500 1343 9193 2913
70 1770 70 1770 1558 10848 3398
70 1970 70 1970 1530 12074 3570
70 2000 70 2000 1590 12258 3660
70 2200 70 2200 1560 13484 3830
70 2415 70 2415 1696 14802 4181
